685 1 -3.4359 -3.4359 -3.4359 0
574 1 -1.71795 -5.15385 -5.15385 0
588 4 -1.71795 -1.71795 -5.15385 0
672 1 -1.71795 -5.15385 -1.71795 0
684 1 -5.15385 -1.71795 -1.71795 0
783 4 -3.4359 -3.4359 0.0 0
1973 4 -3.4359 0.0 -3.4359 0
3319 4 0.0 -3.4359 -6.8718 0
3403 1 0.0 -6.8718 -3.4359 0
3306 4 1.71795 -5.15385 -5.15385 0
3419 4 3.4359 -3.4359 -3.4359 0
3320 3 1.71795 -1.71795 -5.15385 0
3404 4 1.71795 -5.15385 -1.71795 0
3418 2 1.71795 -1.71795 -1.71795 0
3515 3 0.0 -3.4359 0.0 0
4705 3 0.0 0.0 -3.4359 0
